79.63
5.54
20.48
92.56
52.15
73.90
29.90
99.54
55.91
21.34
1.33
13.20
31.83
27.03
26.74
14.50
77.28
52.70
56.19
39.58
13.62
22.39
85.07
25.22
32.24
52.84
2.52
79.89
9.42
46.15
47.70
82.63
86.22
83.38
60.29
77.75
24.35
9.98
87.78
70.55
63.26
68.87
42.96
36.42
15.81
80.93
25.37
71.67
80.19
20.18
62.83
81.76
73.94
34.85
81.83
73.22
27.41
47.83
5.15
92.60
95.64
64.51
49.45
5.72
2.19
62.57
3.89
86.98
91.21
89.34
63.45
11.10
77.59
17.13
61.99
26.45
65.14
87.31
24.56
8.87
71.79
95.62
80.75
66.04
11.67
23.00
29.69
74.42
54.42
18.29
41.01
31.38
96.62
57.38
63.89
32.98
19.25
87.71
81.39
92.14
13.48
86.55
89.54
87.54
29.26
33.24
48.29
36.15
7.06
32.06
31.02
82.12
28.13
65.75
58.66
32.06
84.76
36.07
80.31
26.69
43.87
72.07
35.54
85.64
76.25
62.17
69.02
57.53
68.89
61.43
82.59
69.98
57.38
89.44
72.18
88.32
81.46
77.02
19.40
25.82
39.14
12.36
3.48
40.85
47.03
94.06
6.19
83.09
87.52
17.70
3.98
42.27
41.95
16.23
64.93
1.33
21.53
91.64
25.91
53.81
4.75
36.28
55.97
97.98
82.59
94.02
7.47
27.79
63.62
36.82
7.02
94.97
20.37
98.91
74.03
80.92
31.17
67.38
68.89
65.74
5.13
85.27
19.83
13.76
54.87
21.91
92.14
4.45
78.78
74.57
74.70
9.78
83.67
86.23
56.10
34.55
85.16
36.79
87.37
84.56
14.17
78.98
3.53
10.67
27.11
95.38
79.37
65.64
51.48
90.70
88.28
72.67
83.26
75.70
96.00
3.28
56.47
82.05
0.75
22.51
34.41
85.52
57.74
46.89
22.39
82.13
66.58
36.61
64.78
95.40
53.98
77.88
49.76
85.82
20.25
62.95
81.24
21.39
82.60
77.09
54.99
90.32
84.93
56.28
2.72
14.73
44.41
36.31
38.33
89.89
91.47
14.62
0.69
9.67
73.16
92.66
2.94
18.64
50.92
14.61
59.69
47.87
7.27
92.47
33.86
65.47
27.66
9.57
0.35
23.83
92.07
26.97
68.45
94.14
61.93
53.37
55.59
21.93
79.58
77.22
34.93
58.69
2.86
38.30
7.89
51.51
8.32
74.56
38.97
59.70
8.54
17.85
80.19
34.61
78.38
24.06
99.93
39.85
41.90
80.92
80.60
71.94
53.16
40.22
70.12
21.46
54.37
11.75
33.06
4.42
36.19
22.17
24.29
9.61
55.65
13.17
65.36
7.41
93.13
14.10
70.34
95.99
51.10
25.84
36.96
20.33
78.33
79.92
37.40
29.40
53.15
61.68
44.13
27.76
65.15
46.45
41.93
39.84
9.98
4.26
51.56
20.76
33.58
20.60
57.29
22.90
27.68
63.84
34.66
95.15
37.27
7.57
52.75
87.27
84.52
84.96
71.56
8.61
73.70
68.28
63.10
58.92
62.84
10.70
8.77
28.87
86.07
46.43
39.73
52.79
71.76
88.39
73.73
23.32
35.04
97.13
85.91
79.96
39.01
40.47
58.70
12.66
63.81
15.42
18.46
15.14
5.61
92.33
70.45
6.66
81.44
18.27
37.92
13.24
71.08
34.88
10.17
36.41
18.35
62.80
80.72
2.61
73.92
33.19
80.27
6.60
53.03
28.39
91.51
88.96
14.38
7.74
73.04
90.04
15.98
28.77
14.46
91.36
80.94
99.27
30.85
70.81
69.99
4.95
97.44
46.91
1.98
41.56
48.51
83.08
39.08
81.66
92.98
60.55
98.93
48.27
23.82
50.26
75.06
7.93
32.51
29.00
73.59
75.12
40.81
97.33
91.71
9.21
29.07
99.07
32.14
14.59
15.43
42.27
4.51
65.85
83.46
12.18
17.38
61.61
24.54
1.97
65.39
15.79
21.45
52.33
9.38
50.38
16.70
27.34
35.80
35.43
39.18
85.18
70.74
41.94
68.35
21.89
90.56
80.77
42.95
21.60
29.00
37.22
64.26
67.69
83.28
65.40
85.16
45.34
19.27
96.24
67.22
55.59
93.81
58.29
76.06
30.97
46.10
59.97
20.99
0.51
95.01
94.72
85.60
56.75
12.35
46.93
81.41
48.26
95.04
36.03
94.06
70.29
94.52
39.40
97.26
27.49
10.85
58.37
57.89
56.57
70.45
81.37
72.99
51.47
60.71
30.55
79.18
97.29
69.23
48.96
98.50
62.87
28.55
78.00
34.67
98.10
30.09
26.94
66.50
80.22
66.43
72.48
36.16
73.37
56.17
55.13
94.30
59.24
60.21
52.75
70.70
43.27
36.08
33.64
34.68
49.81
11.53
97.90
55.71
66.83
5.19
38.55
76.89
46.86
98.53
77.62
31.07
35.61
21.19
80.98
69.13
31.59
60.84
31.63
89.99
23.46
89.02
47.29
39.69
33.80
63.37
64.54
67.06
48.57
78.24
71.82
16.38
7.91
39.65
38.18
34.22
90.01
62.72
4.30
65.67
72.87
98.45
4.55
14.22
16.43
46.27
53.10
49.87
32.88
43.20
32.72
40.87
84.20
98.09
73.31
16.10
62.52
89.42
88.34
37.54
24.24
47.41
46.83
19.41
17.81
34.02
92.59
25.11
41.41
26.99
43.04
34.53
75.98
71.05
56.68
53.63
94.16
38.34
23.26
74.83
77.23
5.43
37.66
75.87
79.16
31.20
58.67
10.98
88.64
67.60
40.76
86.46
18.73
60.26
75.46
53.14
25.53
93.93
37.19
72.12
18.45
90.10
60.09
1.14
36.80
89.49
77.03
5.82
66.46
63.89
23.33
65.16
54.95
65.17
95.08
26.09
11.31
84.87
98.19
93.11
34.29
3.35
98.93
3.53
88.57
76.32
0.03
99.07
80.67
61.36
30.25
13.37
45.04
0.08
0.37
34.85
79.54
4.74
84.22
69.25
36.24
53.94
3.67
77.30
28.90
33.84
67.35
26.56
7.84
25.90
66.14
92.70
19.59
96.96
56.31
5.36
61.08
34.95
38.99
82.72
64.08
87.26
42.78
45.87
31.60
70.27
3.04
1.25
90.98
6.99
74.47
93.64
6.50
26.79
77.34
90.35
20.33
85.94
56.84
39.37
14.39
9.35
94.89
26.05
90.97
17.89
29.93
12.84
18.98
88.45
91.27
1.75
22.78
32.40
29.07
89.03
8.09
87.63
95.48
90.43
30.26
91.08
11.06
39.00
45.69
19.88
53.06
76.75
71.34
93.76
80.23
35.89
84.11
85.99
97.63
71.18
78.29
58.02
46.82
54.41
4.64
8.25
5.68
73.32
53.50
45.93
50.05
1.76
6.86
55.30
60.29
1.94
55.48
37.86
26.08
47.66
5.93
11.41
35.30
7.87
46.79
43.46
82.26
28.60
23.91
40.53
19.80
56.83
95.05
5.57
34.03
19.96
96.55
14.59
90.41
52.63
72.56
46.61
27.93
47.14
92.84
72.51
34.26
50.74
44.08
44.53
87.78
21.99
86.10
62.73
36.51
71.73
93.72
75.55
27.96
0.76
61.96
57.90
44.29
85.19
39.39
84.37
53.26
72.59
57.77
40.16
28.67
14.84
6.45
58.53
24.64
76.39
79.43
50.72
88.66
66.29
89.39
9.92
76.87
30.36
0.13
15.25
95.20
16.89
68.25
92.44
96.81
40.01
7.90
4.00
85.76
87.91
28.48
73.07
57.85
70.06
91.84
4.50
74.41
15.21
32.09
67.70
10.23
97.98
24.53
73.69
88.72
7.80
87.44
86.83
79.04
26.80
87.93
48.51
73.35
45.95
8.64
64.03
1.47
18.25
79.99
87.85
6.64
33.88
0.23
89.53
47.15
36.61
35.97
4.48
42.89
82.13
47.24
80.40
64.59
96.12
2.46
77.32
3.10
34.15
83.29
28.76
47.91
43.83
80.94
64.48
2.80
95.08
90.85
83.75
43.83
19.13
82.83
57.27
67.57
3.29
91.99
33.93
11.65
60.40
66.78
59.77
71.71
19.01
69.77
82.32
29.80
24.76
20.51
42.73
40.50
53.06
19.21
56.76
78.44
15.73
69.05
2.72
18.89
2.22
87.61
19.45
90.16
7.51
91.71
11.52
95.04
3.15
59.71
59.68
31.78
61.36
92.44
72.64
18.57
52.79
86.35
60.03
70.79
66.54
3.89
60.81
76.07
5.81
89.52
74.48
76.75
92.27
14.27
56.97
86.49
87.77
77.55
85.44
22.60
73.94
65.56
28.36
21.20
92.77
36.39
5.80
11.35
66.21
58.14
73.86
42.35
70.04
15.78
90.25
2.57
68.24
82.32
52.30
99.74
65.18
76.79
14.43
3.70
75.59
3.02
63.16
28.49
82.24
40.82
73.95
66.97
23.67
32.87
66.80
13.25
25.45
69.68
18.75
65.28
63.94
46.75
41.99
49.36
72.37
0.50
53.52
88.70
56.48
34.36
0.59
28.24
93.53
89.73
88.81
54.79
28.86
63.00
63.11
58.56
58.74
65.19
78.69
69.58
54.85
55.15
27.84
45.58
5.57
69.32
71.74
11.23
85.45
81.71
36.55
26.61
84.44
21.39
69.42
74.91
74.46
87.08
12.79
80.64
17.83
47.66
83.22
69.19
20.78
20.86
24.70
74.87
2.58
87.11
55.11
60.82
92.17
68.87
38.57
34.57
32.70
12.72
20.29
45.99
41.85
76.87
95.56
53.60
29.30
46.30
12.81
93.27
20.44
22.22
18.38
62.28
37.95
14.70
33.37
31.58
85.75
36.26
73.85
36.57
54.55
83.52
74.63
11.69
30.52
14.50
18.91
26.69
47.66
6.22
41.11
1.21
62.08
72.99
9.01
88.83
96.12
67.24
74.71
20.81
95.92
39.84
48.43
11.70
91.74
76.39
4.12
37.85
76.30
32.12
46.94
45.02
34.05
36.69
10.57
64.70
91.07
46.90
47.99
14.32
66.02
83.40
33.99
40.98
7.80
6.28
14.52
37.07
77.84
59.81
46.19
74.50
88.59
62.03
63.89
46.15
91.42
28.07
41.93
27.90
78.28
90.48
56.63
85.75
4.10
57.71
64.11
73.24
42.69
50.51
41.68
33.97
93.39
84.58
9.01
20.42
27.89
68.95
39.68
99.13
84.37
32.73
11.83
41.86
27.87
77.75
40.44
16.96
28.64
38.65
54.58
87.21
44.38
79.56
74.01
26.74
99.27
33.55
10.97
40.52
63.31
65.17
33.57
23.47
76.39
69.92
9.86
78.47
49.29
78.18
29.70
97.60
11.38
78.22
83.52
57.86
6.21
7.71
89.36
11.17
36.22
73.40
2.44
96.40
72.15
83.71
71.82
0.96
27.83
92.72
51.86
32.53
67.03
98.29
37.99
35.20
52.90
4.82
55.65
93.82
52.76
46.99
33.03
1.84
36.27
10.47
40.74
75.96
50.16
4.15
25.17
59.88
3.40
0.54
17.95
5.60
61.22
50.05
20.36
60.25
78.00
9.07
72.44
31.56
36.09
54.21
72.33
96.08
67.70
48.31
96.74
93.02
49.93
96.93
10.12
54.67
96.54
13.85
75.98
29.01
64.85
3.98
85.68
45.07
67.48
2.00
11.96
82.06
94.29
34.70
12.96
70.17
95.37
99.70
91.61
20.76
9.55
60.19
44.11
3.64
13.96
57.86
87.32
66.64
66.69
82.76
32.52
88.18
94.48
96.29
99.53
1.76
90.24
21.78
94.54
20.23
9.41
59.30
77.53
43.45
2.13
8.36
57.34
35.89
91.81
5.73
41.36
79.44
8.20
16.29
14.95
88.27
14.08
97.51
75.74
54.96
61.94
34.88
70.26
79.33
43.32
65.08
73.43
92.48
61.50
19.42
36.04
10.45
15.95
1.15
74.35
25.95
90.76
76.32
82.79
27.82
10.74
20.79
94.12
55.47
76.54
70.54
55.72
92.55
77.08
15.51
47.15
35.98
88.20
70.74
90.94
44.78
0.30
14.06
61.73
63.20
93.29
32.33
36.19
82.20
32.66
94.62
40.89
64.20
59.21
52.21
24.36
14.99
62.52
66.92
24.27
69.87
54.40
89.71
90.30
66.96
52.90
82.80
9.59
94.17
59.40
1.38
4.00
24.39
79.01
69.36
43.18
39.58
16.77
97.94
98.58
12.79
86.00
60.00
34.77
33.67
24.00
68.78
63.76
45.94
7.28
68.27
43.66
55.38
83.15
20.06
54.17
73.84
18.81
18.61
72.38
11.87
55.72
98.70
28.42
18.37
70.14
85.55
82.00
83.63
97.91
5.68
21.03
92.83
61.37
34.96
76.48
20.53
74.62
61.80
75.65
40.22
82.92
51.74
7.96
60.28
51.27
62.57
7.76
27.19
93.34
38.96
56.55
60.57
90.44
55.71
18.98
97.35
88.40
97.69
9.65
45.29
99.19
21.99
61.09
67.00
28.76
2.08
99.28
87.94
31.89
72.11
45.01
41.80
81.82
40.33
34.04
52.93
97.64
1.73
84.22
89.25
88.18
81.22
39.74
14.39
84.76
98.26
63.29
50.86
94.46
74.79
12.66
46.18
85.94
15.62
59.23
5.50
13.94
0.77
0.58
95.05
79.20
8.69
91.30
96.45
73.88
82.92
19.51
7.02
90.25
46.89
5.17
40.77
39.99
25.41
16.96
94.10
92.59
31.30
78.45
32.61
57.25
95.49
85.49
29.46
19.20
1.94
11.65
99.50
26.00
20.66
45.72
65.26
13.52
36.55
78.83
97.45
44.12
67.32
62.01
41.15
53.95
49.93
13.84
44.70
10.57
3.99
95.30
28.14
55.82
49.41
18.62
76.01
32.49
45.66
17.15
61.57
26.43
39.42
50.97
97.94
43.67
10.52
75.79
11.66
74.46
47.63
25.21
92.81
10.60
18.71
69.83
97.43
27.66
34.89
98.31
5.23
96.80
73.67
28.61
13.84
55.17
75.65
73.92
21.56
74.66
40.31
25.89
39.21
31.41
91.08
32.45
22.91
5.02
31.02
22.57
10.24
6.08
98.23
51.13
18.20
20.89
75.43
87.82
56.37
56.24
49.63
32.79
34.28
85.40
4.35
21.62
23.47
46.48
30.56
25.96
69.52
69.19
7.51
29.50
1.91
87.19
67.76
42.99
13.56
58.87
79.32
6.25
21.10
7.76
67.71
76.78
51.24
60.46
2.58
25.59
27.50
16.56
28.39
84.67
87.43
7.38
73.67
80.38
84.23
98.68
94.40
38.90
74.72
70.39
7.46
94.88
17.42
19.95
57.10
26.33
60.55
34.60
89.16
9.31
69.50
13.59
74.80
74.86
20.74
11.67
84.06
18.59
63.77
52.48
55.18
96.21
71.56
14.84
43.61
53.74
38.61
51.53
1.89
78.06
1.17
49.19
71.04
61.37
62.83
19.57
18.37
21.42
46.48
89.80
48.05
76.53
86.41
31.67
46.45
46.76
31.04
91.90
49.89
12.71
63.68
68.61
69.42
24.23
3.13
49.35
10.47
67.89
75.57
12.21
79.09
31.06
4.09
62.88
69.09
72.82
14.29
93.13
4.13
68.04
26.22
37.78
87.45
99.26
24.73
50.46
42.87
3.41
51.93
26.40
25.81
56.53
76.44
39.97
22.64
25.71
90.52
44.57
70.37
30.91
84.29
84.50
23.56
41.75
4.85
28.55
18.76
81.00
2.04
59.62
8.04
16.69
0.28
30.98
85.69
65.83
65.62
92.18
26.94
53.74
93.79
78.53
17.90
15.11
24.40
92.62
35.93
59.38
50.32
2.46
79.53
76.48
58.83
8.29
98.10
18.66
51.01
4.73
43.31
39.85
41.63
25.45
45.72
84.59
75.23
43.00
1.79
7.22
39.39
19.20
39.77
65.08
20.12
9.97
94.01
98.51
18.87
52.00
90.74
65.19
70.59
23.65
94.97
45.45
49.86
0.60
99.53
87.62
56.22
12.76
17.43
28.09
32.88
59.04
64.37
62.65
53.00
54.58
76.80
28.14
86.10
21.28
31.58
67.78
5.58
35.39
46.26
7.18
41.82
96.38
86.87
46.52
57.67
99.01
88.15
17.40
37.68
11.92
44.16
76.91
30.08
22.68
52.53
82.81
93.35
22.74
23.72
53.45
10.05
28.85
5.31
82.23
61.20
11.36
63.39
23.87
30.73
59.29
74.87
76.66
95.68
97.78
65.19
63.73
30.27
22.00
81.27
77.69
7.28
0.60
69.49
59.81
64.66
19.63
45.04
7.32
23.72
69.04
88.90
41.43
59.86
51.36
4.89
88.30
25.17
18.78
13.86
70.95
50.48
47.08
23.22
97.62
74.75
60.56
67.61
46.34
76.77
2.53
4.88
71.53
49.36
13.96
31.93
3.09
79.90
66.79
26.20
83.35
57.79
87.67
28.86
59.18
69.65
34.36
4.80
42.07
65.64
19.19
78.31
41.90
99.11
6.67
27.00
30.71
71.95
96.83
33.96
36.04
98.00
56.22
71.34
33.03
96.21
92.78
75.37
80.32
35.88
61.01
54.82
8.22
64.10
27.65
58.03
24.25
34.33
41.64
56.72
60.38
19.32
23.03
20.43
71.77
79.80
20.13
4.35
60.41
82.57
44.75
92.59
76.91
47.84
36.35
17.33
84.77
85.10
54.48
74.04
50.12
60.25
57.16
61.41
60.50
10.58
46.29
31.00
62.16
47.01
89.46
37.59
32.76
39.91
24.32
41.29
88.11
5.07
69.54
7.24
2.36
78.90
96.16
51.74
82.09
35.14
55.08
58.56
29.98
72.93
40.06
80.67
9.41
94.83
63.87
85.62
88.59
49.59
60.17
55.96
2.45
80.70
30.79
66.17
20.22
29.91
60.79
5.09
12.30
86.75
67.08
12.56
35.30
86.46
74.34
85.54
74.08
55.77
60.26
9.28
17.63
35.58
35.00
9.01
0.45
69.16
51.29
10.28
21.87
32.42
35.36
41.64
56.64
15.60
93.46
16.52
90.59
75.66
13.55
37.83
35.73
65.45
95.44
22.27
67.25
46.43
52.55
44.04
35.93
73.44
99.52
10.17
58.97
55.33
99.50
53.87
55.02
14.63
82.96
40.97
55.72
10.91
50.51
88.89
99.50
59.03
66.90
93.34
54.92
35.07
1.15
90.60
99.70
71.89
40.26
16.25
3.66
33.14
46.69
18.40
5.75
45.85
27.70
51.79
64.21
5.77
73.88
92.97
46.27
38.87
46.57
32.04
68.54
73.31
62.21
62.26
2.67
52.69
81.71
94.92
30.59
32.99
27.21
87.88
15.53
49.68
67.07
2.95
15.67
5.63
89.55
75.08
72.20
94.26
2.39
64.85
45.11
8.14
85.35
26.37
80.77
54.97
37.74
13.21
8.57
3.25
7.51
26.95
97.88
54.57
57.86
97.11
86.24
5.26
90.64
89.36
27.19
48.24
68.37
24.04
31.55
91.34
14.36
1.72
99.52
70.60
5.46
95.18
70.18
93.50
28.43
34.66
73.00
61.79
94.49
26.99
45.50
60.29
70.73
66.22
82.08
14.26
14.51
87.78
75.21
57.79
12.65
44.92
44.07
18.07
40.67
98.51
54.51
16.98
46.84
34.88
83.26
5.92
39.55
16.01
4.15
26.07
11.35
91.26
13.27
65.95
63.89
83.19
85.85
88.84
44.59
9.67
74.65
77.50
17.14
82.04
62.68
65.09
56.47
81.05
36.73
97.74
32.18
58.75
93.38
81.71
36.92
95.09
31.97
84.91
31.17
53.06
46.96
7.66
57.35
50.21
34.73
47.37
62.46
34.58
51.47
87.00
90.69
98.19
98.44
4.12
24.33
63.23
2.68
60.91
35.72
98.27
59.49
79.76
15.73
8.79
60.00
6.27
29.17
93.87
54.69
11.92
88.23
11.38
16.69
71.19
20.60
83.38
58.32
76.61
18.55
51.48
80.12
53.07
48.80
53.76
81.50
87.67
52.39
77.37
30.78
92.96
96.01
27.04
41.65
85.65
42.20
8.97
42.93
18.86
57.99
25.18
29.11
87.43
3.09
98.13
59.40
60.49
49.61
0.99
71.63
89.52
95.88
47.08
1.57
46.20
50.83
40.54
45.09
19.96
32.49
4.13
64.81
50.19
39.08
1.23
91.70
43.14
28.40
28.30
26.57
1.58
13.03
25.88
6.85
35.03
55.63
48.73
92.25
53.54
20.13
99.58
46.68
96.69
3.59
85.10
25.90
4.57
23.99
2.03
30.88
20.05
94.41
4.37
55.80
85.57
57.03
44.81
74.17
60.76
18.91
72.46
47.81
7.90
64.68
85.76
50.67
12.92
89.34
71.43
34.11
67.47
83.29
69.56
9.64
47.55
57.20
27.10
74.55
39.57
82.29
77.71
40.39
70.96
25.07
51.34
58.17
55.83
32.51
53.66
5.45
99.77
19.42
15.42
85.20
92.59
38.81
66.53
17.22
44.80
99.10
48.24
68.06
4.25
33.40
82.82
72.97
21.42
55.63
48.07
43.99
37.26
18.12
89.78
40.34
22.32
16.99
53.45
25.39
45.87
97.11
0.73
41.19
8.55
54.53
51.81
72.67
31.40
72.19
7.65
24.10
25.92
95.60
17.82
76.54
84.34
73.95
49.52
42.95
42.94
78.56
51.57
13.70
77.79
12.91
72.53
38.97
39.00
43.66
94.22
31.30
98.94
53.34
80.22
42.67
72.12
83.10
19.82
47.40
70.24
65.41
52.80
10.79
57.84
0.10
20.06
4.52
55.30
66.76
58.10
28.93
93.47
66.95
35.60
69.45
56.56
36.64
71.66
1.83
25.54
51.54
38.46
56.15
23.06
54.44
44.07
42.01
25.20
9.52
76.46
92.59
83.03
61.18
77.56
23.73
27.77
29.18
92.73
98.39
77.61
19.34
53.48
11.30
69.22
55.69
17.33
82.47
48.70
27.00
45.49
36.49
70.56
42.20
47.79
80.93
91.87
98.81
36.79
62.02
21.48
60.23
60.45
57.49
99.16
41.88
94.69
9.25
13.23
23.46
55.79
37.09
84.78
26.16
57.46
5.99
30.09
11.19
88.80
60.27
23.40
67.16
67.97
66.94
70.17
41.19
82.26
95.14
35.66
10.87
37.35
9.59
49.48
44.35
72.03
23.10
15.23
6.55
27.90
49.37
32.66
68.03
48.99
36.52
54.68
60.83
96.20
47.66
97.10
6.16
49.81
99.57
88.21
71.10
13.80
43.23
67.11
43.65
8.79
46.15
7.73
32.63
2.45
63.17
93.82
97.14
91.80
56.26
27.03
72.01
18.39
88.52
42.02
4.74
42.35
41.98
70.92
96.85
21.95
19.60
68.06
38.26
45.30
72.94
76.16
52.79
91.05
79.70
51.24
96.59
18.00
55.47
33.99
90.79
73.77
13.32
43.42
21.84
63.73
35.80
21.56
99.86
71.84
70.28
43.40
18.58
20.56
92.16
40.51
70.34
53.54
55.10
56.37
64.51
63.07
87.35
1.68
82.83
12.31
42.50
91.92
58.20
23.03
65.72
41.70
81.27
12.71
10.46
7.02
23.07
13.71
87.68
90.49
21.90
99.63
21.59
10.22
93.63
55.67
2.14
11.34
14.04
49.75
8.70
97.50
59.80
80.89
96.23
38.09
4.14
98.05
75.80
18.76
95.96
3.14
3.15
20.39
23.35
48.73
50.51
18.94
97.68
67.59
34.94
53.81
17.03
29.49
33.75
65.14
85.62
24.82
83.13
25.23
23.05
63.64
1.16
76.04
28.09
37.40
25.93
36.92
62.95
17.47
29.16
34.47
96.04
48.66
20.23
99.54
85.51
29.24
74.12
59.08
76.37
93.47
16.05
40.53
81.14
54.63
99.25
81.20
42.97
76.39
42.00
52.79
76.47
75.21
14.09
26.55
41.84
7.45
33.35
25.43
82.02
13.11
59.75
45.10
91.75
57.98
92.57
33.02
96.04
29.04
71.01
55.92
57.17
77.30
10.47
49.59
64.11
23.48
17.75
74.49
57.60
56.00
44.75
87.02
22.07
73.88
57.09
47.02
10.76
66.22
66.46
74.84
0.97
58.07
63.28
67.43
56.32
98.98
69.34
15.59
11.68
71.31
39.45
91.37
69.95
0.19
33.52
77.20
44.47
86.21
95.92
67.52
69.37
52.78
31.52
4.63
37.61
77.75
6.03
59.53
21.13
4.25
38.32
48.28
97.96
3.31
6.76
0.66
62.89
83.61
85.88
60.40
78.12
77.76
86.66
63.13
3.31
7.18
1.00
69.83
17.03
61.36
98.02
55.73
26.90
57.91
30.41
62.96
1.82
38.50
13.52
12.18
22.09
49.11
39.63
83.03
76.40
56.19
67.39
82.26
47.52
43.32
92.19
39.22
11.99
39.59
0.58
15.34
54.58
9.27
91.63
39.84
66.69
95.58
41.54
88.00
17.66
93.63
32.07
38.34
42.70
79.74
46.11
12.31
27.19
88.97
0.12
21.95
23.08
77.32
3.84
20.08
94.28
13.69
30.04
7.61
60.87
53.80
85.26
81.51
36.17
20.21
28.76
89.12
0.60
97.39
25.73
30.96
80.65
67.48
54.03
30.79
1.87
28.18
74.48
48.06
57.72
11.70
94.35
19.11
63.91
83.54
26.55
11.29
55.32
52.52
23.44
67.88
22.90
75.56
60.32
40.40
11.40
11.17
93.18
32.94
47.71
19.44
41.92
48.22
29.72
76.14
99.53
64.99
78.29
9.25
13.38
80.18
98.62
40.72
96.32
41.01
31.14
45.57
41.02
82.59
55.74
57.95
55.95
26.53
99.74
42.15
78.64
14.67
20.75
52.17
14.05
1.37
24.02
96.08
66.77
37.62
99.90
18.23
17.32
88.68
48.72
40.26
20.36
86.12
70.81
64.94
19.17
64.01
91.90
94.81
55.34
9.67
43.06
48.85
83.19
80.25
98.59
68.46
80.78
54.46
32.96
72.31
92.94
68.21
78.59
99.50
43.58
95.73
29.27
5.17
94.39
67.10
65.03
74.95
31.91
87.39
92.71
77.91
27.50
3.46
75.48
59.93
65.73
70.61
32.31
8.11
62.88
88.68
10.74
57.38
8.87
46.87
6.76
27.01
61.56
64.73
89.19
58.94
51.56
32.01
37.01
70.84
17.52
84.38
69.52
25.72
2.18
24.14
40.97
72.42
6.52
55.61
13.64
73.33
59.48
78.20
17.15
47.19
95.95
58.72
31.61
99.33
77.77
13.91
27.01
23.54
68.88
71.46
1.76
33.43
58.29
90.51
74.16
30.77
76.28
54.33
81.98
80.29
36.17
16.01
60.79
36.13
35.70
43.05
39.12
11.12
29.28
31.80
28.57
9.31
32.85
27.61
51.18
51.21
70.21
33.15
24.97
76.97
75.66
21.51
55.36
1.56
77.37
35.40
25.62
75.34
58.05
77.50
70.05
31.85
71.34
2.50
64.53
36.29
94.26
67.42
96.20
85.06
98.57
69.54
98.38
84.61
13.10
43.92
16.40
23.70
29.20
52.33
85.93
45.42
10.54
72.26
84.28
64.09
62.50
19.60
89.63
10.45
62.60
36.57
72.08
57.67
92.77
1.13
63.12
42.28
46.28
21.06
63.54
22.52
78.55
39.83
99.25
18.19
76.65
25.37
85.75
88.26
29.24
64.74
21.56
56.73
24.37
90.16
36.45
35.89
81.09
35.48
36.19
86.42
81.81
60.08
95.17
20.88
58.09
73.88
40.50
68.38
91.24
50.04
19.23
53.18
20.19
9.88
40.35
37.94
18.54
9.68
17.25
60.24
74.31
55.12
43.76
77.28
86.89
46.02
39.70
2.93
38.03
25.52
41.32
86.56
6.90
61.76
16.47
27.80
83.45
30.15
53.62
39.27
89.98
45.81
44.86
98.12
97.96
19.02
31.42
65.38
6.57
46.55
65.39
54.92
75.09
79.11
31.09
42.51
84.85
83.57
91.90
38.43
75.09
86.69
95.12
75.35
99.16
48.56
17.28
64.98
87.01
22.31
66.72
82.12
51.98
63.65
81.60
9.16
88.27
89.98
4.04
43.95
29.55
91.79
99.28
9.61
66.36
23.79
43.03
47.16
11.58
14.65
7.51
51.86
63.81
40.10
52.58
93.12
92.44
95.73
44.02
91.07
34.10
16.82
32.58
90.93
72.54
41.29
80.60
21.37
73.49
9.43
70.15
65.45
71.81
47.41
20.01
43.65
51.24
74.81
76.29
50.19
32.75
26.00
96.28
58.85
9.33
64.54
96.41
64.57
55.94
11.47
11.12
49.05
62.35
25.93
51.52
95.02
92.87
79.59
42.70
89.32
22.10
14.45
94.35
38.11
70.29
86.56
16.19
53.57
20.79
77.66
61.04
68.25
31.19
48.39
48.34
29.19
98.63
40.32
0.23
14.66
59.05
80.52
28.52
36.48
50.93
15.66
54.40
91.77
84.42
42.29
63.95
40.91
68.37
94.05
78.25
0.85
23.42
26.29
57.56
94.83
21.59
30.99
91.03
99.01
59.49
67.06
49.71
15.29
98.71
33.29
3.00
9.06
21.85
86.40
18.86
24.86
65.54
75.34
13.67
12.83
29.94
73.80
82.82
98.48
55.66
22.58
42.87
72.27
58.00
94.00
84.76
42.72
73.85
7.34
45.74
87.19
38.38
12.95
78.35
49.76
4.87
25.70
45.54
67.44
91.97
49.93
1.05
75.39
84.38
45.48
44.36
61.98
17.57
30.04
79.44
40.52
66.41
39.44
31.97
96.54
88.79
79.01
47.29
42.97
92.67
1.74
24.04
62.53
74.67
43.29
39.39
75.54
82.74
3.67
31.34
93.11
23.28
13.37
18.04
54.95
55.91
86.12
27.95
15.13
79.02
65.80
82.77
33.60
18.46
51.44
54.71
33.77
18.53
0.24
64.73
26.94
38.93
25.58
93.45
13.33
47.34
16.71
71.00
11.82
68.71
16.65
6.32
45.10
27.72
73.13
16.78
82.34
62.26
15.30
84.35
46.02
62.23
17.42
85.32
8.24
87.79
36.71
89.05
96.67
41.14
89.11
67.10
63.92
41.40
81.15
86.53
59.00
36.09
19.75
75.44
17.62
90.10
12.91
52.33
77.30
60.70
27.05
71.05
79.79
55.71
92.02
76.12
52.63
12.06
91.37
68.05
3.44
74.24
88.52
46.92
2.27
88.30
63.77
57.93
32.48
15.91
42.14
62.53
33.52
36.46
47.13
13.95
83.69
69.81
81.95
65.87
60.20
1.51
77.01
27.90
49.20
84.45
98.33
85.27
64.52
71.52
76.05
93.86
56.08
11.57
34.72
75.87
65.35
10.99
22.88
38.23
88.91
74.41
93.39
56.16
71.92
98.01
83.51
42.33
49.40
4.07
23.31
43.59
55.08
87.60
15.11
14.04
47.93
6.87
27.08
38.75
34.55
77.69
70.86
17.48
96.73
91.11
59.68
23.38
31.19
22.33
85.43
98.07
57.66
76.26
14.46
83.30
3.43
35.66
15.88
31.78
6.95
1.22
32.67
69.39
36.16
13.55
73.54
93.35
70.54
29.09
81.82
22.18
64.00
54.01
14.36
83.70
84.19
59.14
40.87
83.62
2.33
89.23
2.93
60.43
74.98
82.88
77.24
3.73
83.86
20.44
13.50
74.87
67.98
2.75
40.78
50.69
63.74
1.09
39.03
41.06
92.13
93.39
8.84
61.68
86.75
55.92
55.29
95.62
52.93
42.17
73.32
7.56
45.95
84.69
95.67
34.16
19.37
84.93
63.32
8.94
15.67
20.26
61.82
8.30
82.58
18.37
93.51
29.78
25.85
46.35
36.83
60.54
50.64
2.65
87.12
28.18
33.81
40.98
59.38
80.44
60.28
42.28
21.70
2.97
5.80
82.72
63.13
75.95
82.39
49.51
67.13
10.89
73.23
57.11
78.28
89.20
27.06
58.04
47.72
71.48
8.40
18.34
72.95
60.68
59.64
17.29
85.01
68.37
61.50
18.62
97.58
63.49
53.83
61.44
29.67
42.40
37.38
17.92
50.67
52.52
10.33
14.89
44.17
27.30
3.65
37.74
38.10
53.83
16.12
94.77
76.48
22.99
46.00
33.36
53.18
7.49
83.56
62.74
0.38
74.72
85.34
78.14
39.29
69.56
19.71
44.51
76.23
27.33
60.85
84.39
43.93
66.76
92.59
53.22
69.14
89.71
51.35
52.40
85.09
84.24
59.30
48.18
80.06
34.03
48.72
24.44
96.97
99.73
39.63
19.83
2.26
66.14
64.02
5.14
29.99
40.92
13.44
56.58
77.34
42.58
11.39
24.38
37.91
79.42
55.22
64.42
60.89
39.47
2.21
3.38
95.26
77.97
0.18
60.22
19.32
58.53
96.99
35.16
74.46
44.68
42.23
21.32
90.75
94.68
99.74
64.71
24.14
33.66
56.50
67.97
29.88
78.87
7.39
41.53
32.07
41.61
67.98
90.36
82.17
89.61
70.37
85.87
70.80
12.59
19.45
41.95
19.34
56.12
61.36
80.19
10.76
12.20
93.11
96.03
77.48
61.63
72.31
81.42
98.07
58.58
51.00
59.35
34.73
8.75
57.93
68.33
13.77
51.74
92.37
62.04
60.78
15.13
96.61
92.92
7.68
29.26
20.63
33.28
62.23
2.99
71.41
51.32
45.05
87.30
2.39
19.36
38.97
14.64
45.96
32.54
7.00
31.97
75.88
9.07
83.79
1.98
72.19
67.54
17.17
82.13
6.55
89.82
90.15
29.50
95.60
37.00
65.66
76.29
90.05
51.63
26.26
23.41
21.22
59.91
19.02
74.25
57.76
19.74
63.67
95.50
60.04
44.20
45.26
0.83
92.32
39.51
18.04
39.07
84.26
56.58
55.50
42.01
16.77
53.80
66.96
18.36
93.42
51.70
79.42
5.76
64.95
30.67
77.95
82.27
0.89
38.34
39.47
76.85
60.33
55.32
3.22
56.06
51.55
56.15
97.26
22.21
19.90
56.64
73.73
22.39
62.79
44.93
85.99
51.47
50.73
19.57
29.35
81.16
29.77
88.08
81.68
53.34
37.06
8.69
76.56
15.97
46.74
82.10
37.77
89.91
12.16
58.35
81.18
45.11
51.55
68.82
73.52
75.85
80.95
54.44
21.46
60.19
69.28
79.29
69.72
34.59
0.49
47.24
33.11
88.68
59.50
30.95
78.97
80.84
57.76
59.23
74.20
24.62
89.29
23.71
45.21
85.55
12.25
91.54
24.70
7.30
16.11
22.18
65.70
18.57
65.21
20.34
55.93
94.39
36.02
59.31
99.59
40.86
58.75
12.05
78.83
35.23
8.66
4.72
24.78
16.47
89.65
40.94
65.06
12.39
92.74
94.40
28.59
53.90
30.32
71.63
92.20
86.91
69.44
73.24
20.41
85.02
83.30
30.49
35.11
98.90
41.08
55.96
85.91
14.02
73.59
87.57
33.81
92.44
19.75
23.50
25.00
54.98
61.28
66.96
98.83
44.81
12.57
53.69
68.16
93.61
19.55
12.02
89.30
38.08
80.95
99.80
34.24
38.98
31.31
85.15
0.81
16.48
42.16
24.69
64.28
47.74
96.32
53.21
39.16
47.32
99.21
43.37
27.53
15.27
62.36
67.09
40.02
76.18
59.86
48.16
88.11
1.53
22.04
31.77
32.76
33.19
92.58
74.57
40.82
76.32
54.47
35.60
90.72
60.25
15.28
79.63
72.39
15.17
74.38
87.59
15.85
79.90
9.11
45.99
63.57
77.24
1.64
73.87
6.34
32.02
0.28
68.49
61.22
26.43
69.77
71.04
64.67
33.24
34.35
47.99
44.37
87.26
40.98
57.48
22.48
47.25
22.84
17.16
40.14
60.32
2.43
55.62
63.65
84.04
74.65
32.34
36.61
58.83
96.78
91.53
31.74
99.59
72.65
71.42
47.63
40.35
85.60
97.47
54.97
38.93
84.77
29.70
73.09
1.26
24.03
57.68
79.46
47.96
63.69
85.84
39.87
47.90
62.76
42.12
19.73
17.64
58.11
27.52
91.50
8.86
1.49
45.44
29.06
1.70
82.56
81.25
47.42
63.43
91.17
84.04
50.90
98.28
94.89
30.02
7.64
13.23
69.35
1.79
32.31
59.34
88.41
73.19
14.19
56.99
50.85
99.03
26.87
3.24
2.25
79.29
7.37
28.68
2.42
44.19
87.59
69.37
93.25
68.34
53.08
86.87
3.45
0.12
47.04
38.65
11.87
46.98
85.58
98.24
65.03
18.87
79.73
24.69
1.27
9.70
18.71
85.47
6.02
12.24
79.65
83.14
28.04
54.38
46.33
28.79
80.55
20.21
21.72
16.87
82.15
82.53
58.60
72.06
15.67
0.04
8.95
69.73
96.22
5.61
49.24
11.11
76.33
94.71
45.93
42.40
37.53
92.67
25.75
52.66
92.85
25.87
49.16
48.94
46.96
63.48
15.66
97.83
33.08
64.39
56.73
79.28
6.68
91.31
91.62
51.94
87.57
87.55
9.48
19.47
62.75
71.56
27.77
30.35
67.39
10.46
97.73
82.39
78.72
96.87
73.24
5.96
71.84
72.95
98.93
84.63
55.58
91.62
65.56
35.43
82.69
79.67
63.94
16.31
53.45
71.29
11.67
2.32
18.19
79.57
53.20
30.40
77.57
42.25
99.17
64.94
1.40
63.47
92.06
47.91
42.13
40.39
37.50
98.25
50.68
61.66
27.46
67.35
65.40
21.38
35.50
40.03
29.61
28.82
25.32
97.46
94.56
60.18
99.03
95.89
28.03
2.24
96.92
8.93
12.33
43.32
49.63
37.93
83.24
7.16
63.64
76.09
76.53
23.54
54.54
42.90
50.39
86.19
55.01
22.22
21.94
90.54
61.48
77.68
75.47
38.05
19.80
20.18
37.58
31.34
59.64
78.07
48.75
39.95
32.45
85.26
23.69
2.32
10.23
63.75
9.09
33.40
86.44
61.62
81.97
7.09
98.73
87.58
18.43
1.18
75.61
63.13
19.50
7.68
91.94
22.81
55.69
25.46
97.48
59.58
95.33
28.76
99.73
19.43
3.67
72.82
14.42
21.18
86.31
47.86
55.66
39.17
70.18
42.54
72.50
5.73
31.48
70.91
67.25
95.87
7.74
67.92
11.14
69.75
62.10
15.31
29.70
41.10
84.37
78.20
91.60
38.26
56.27
93.43
78.08
95.69
88.62
88.35
31.85
34.83
24.01
93.86
30.63
30.72
87.43
3.07
1.97
90.92
2.31
57.09
36.02
92.11
18.52
37.69
59.97
0.56
52.35
82.68
15.22
80.06
47.10
87.78
39.47
52.76
80.12
58.65
86.21
58.93
65.59
65.54
17.39
23.46
16.00
3.16
8.79
23.27
99.00
61.73
30.92
5.00
38.66
57.67
5.39
66.71
28.77
86.92
48.55
79.31
3.29
71.84
57.99
52.79
7.82
93.06
77.56
81.58
61.99
76.43
69.02
57.37
0.52
68.43
63.81
68.94
73.11
65.75
26.02
46.02
63.41
64.39
71.77
83.51
23.51
71.58
74.48
10.50
55.98
36.46
96.15
16.83
76.33
6.98
84.92
70.24
49.51
50.36
70.24
62.21
53.27
99.24
87.70
31.06
80.15
91.62
23.15
65.87
37.43
94.26
73.95
8.32
20.55
15.39
27.77
23.11
99.74
44.97
99.61
97.12
55.02
4.14
25.17
51.78
58.56
14.69
21.79
26.79
93.78
31.39
25.85
50.36
0.46
45.08
65.68
46.23
33.57
0.34
97.95
83.63
99.16
95.13
26.93
23.24
55.25
61.87
12.20
91.29
43.43
30.39
80.24
83.35
2.24
32.38
59.92
52.17
48.33
96.71
33.25
52.62
74.60
43.74
75.97
9.61
92.66
12.51
44.93
33.53
70.28
28.13
85.00
52.62
9.09
60.22
66.52
90.32
18.99
58.73
81.84
78.33
96.24
32.67
20.37
20.34
54.90
57.35
62.84
61.43
40.37
16.01
63.45
71.28
22.42
9.04
15.82
70.26
81.60
82.87
4.33
41.64
76.78
69.86
92.44
98.98
89.59
74.68
98.08
55.18
36.22
61.16
39.13
46.99
47.89
15.65
5.25
72.18
11.49
5.55
16.89
57.40
57.67
63.20
71.93
10.52
51.49
97.22
66.66
14.56
25.32
66.12
77.85
73.70
36.66
34.51
19.26
68.40
52.92
20.28
93.62
32.25
20.94
35.24
29.24
17.06
6.77
18.89
68.96
65.52
65.05
43.09
64.13
89.89
75.36
72.80
40.83
84.70
95.57
31.03
67.36
54.89
6.55
21.00
27.44
20.31
2.20
26.67
54.09
11.01
60.76
20.10
23.19
28.46
1.21
40.68
86.03
16.83
6.94
82.04
19.29
65.71
23.57
19.77
55.53
5.55
55.02
71.69
90.61
55.23
82.59
76.14
26.97
98.21
86.80
40.12
87.80
71.94
95.10
41.18
46.90
52.77
2.67
31.03
64.88
96.34
92.84
78.24
44.22
73.01
58.80
77.86
57.68
86.70
20.71
13.48
26.69
87.19
47.68
3.37
11.28
82.17
10.99
68.26
32.17
79.95
14.38
73.02
27.40
75.90
10.36
35.23
96.71
85.66
37.64
35.52
47.23
53.57
4.65
5.35
38.28
32.81
40.02
59.95
52.61
23.62
76.56
86.38
32.76
12.24
19.54
54.49
55.24
94.67
68.67
3.69
48.27
7.53
22.97
64.69
4.70
40.78
4.40
8.06
31.41
78.32
73.68
35.83
12.03
10.34
68.22
23.39
80.40
5.63
15.32
49.88
11.25
22.01
10.06
23.78
3.12
5.46
64.75
30.77
68.02
96.58
0.92
82.46
90.02
52.08
55.82
59.04
6.00
62.20
21.37
57.30
71.71
56.10
3.06
81.80
78.39
41.58
75.60
36.46
79.97
99.08
40.28
91.93
36.33
85.47
16.25
63.27
78.71
16.77
86.13
54.95
73.13
82.64
17.43
62.52
41.05
16.22
66.87
45.10
52.39
18.90
11.55
96.41
54.34
84.60
67.93
51.52
81.62
9.54
28.26
60.99
5.90
3.21
42.04
24.94
26.67
86.14
91.05
83.72
19.19
54.63
98.52
8.25
42.33
30.23
6.29
77.65
26.21
40.59
93.44
31.16
69.24
71.25
28.71
16.96
16.19
25.58
19.76
9.38
88.60
82.70
71.77
54.20
90.29
69.71
83.87
97.76
90.78
72.94
71.54
77.54
96.65
23.94
88.58
27.45
48.16
40.03
10.16
54.87
59.03
0.70
20.52
53.20
12.13
39.29
8.45
91.05
50.97
92.42
81.20
96.17
93.99
52.91
86.29
72.04
4.95
2.47
25.20
50.79
65.66
28.11
79.09
10.66
77.90
62.70
63.54
92.81
55.38
87.85
19.32
31.66
90.30
69.72
58.88
57.84
1.62
93.02
4.54
83.30
20.33
79.91
72.55
84.52
18.19
86.77
1.83
51.51
27.75
41.58
14.65
49.90
36.01
15.67
93.08
72.66
44.64
15.10
62.23
7.57
44.23
49.77
32.40
33.23
29.46
92.84
0.13
47.04
61.86
41.28
22.30
66.45
86.48
35.34
44.04
65.50
85.31
39.55
40.40
15.43
50.40
20.22
55.27
26.95
32.33
56.84
50.03
71.16
93.39
79.81
9.92
46.47
53.14
0.12
17.08
1.45
97.90
4.47
83.99
56.62
49.09
66.54
91.92
60.89
72.26
34.41
91.63
81.58
62.98
59.48
7.98
53.89
47.15
42.12
90.56
82.45
17.75
62.12
11.51
29.28
93.61
56.72
37.60
10.61
9.03
81.87
4.43
56.89
62.42
76.31
49.70
88.69
11.94
23.26
45.94
75.66
93.66
78.77
59.22
9.43
74.19
74.58
31.51
87.05
57.55
6.70
96.47
59.56
25.59
95.01
57.21
67.79
7.46
78.58
20.23
90.39
7.80
53.55
24.27
23.47
83.14
32.95
67.22
85.35
93.24
65.68
45.91
24.48
10.18
30.36
89.22
77.42
86.41
14.02
50.14
73.27
9.58
19.79
48.34
72.27
13.93
1.04
70.44
77.33
67.97
50.47
95.65
78.89
86.88
74.47
7.84
65.14
7.01
48.81
49.36
26.99
39.83
96.51
52.47
97.90
74.10
84.08
23.23
82.53
91.62
29.26
43.44
69.80
91.56
68.53
55.87
84.07
64.25
35.52
94.34
15.34
89.63
7.46
43.28
45.48
57.77
93.88
2.29
52.41
66.42
28.08
19.56
3.07
35.35
57.52
29.76
58.11
90.21
42.71
16.34
46.08
96.56
72.21
21.07
89.37
72.63
54.60
92.92
8.84
84.44
38.74
98.84
57.74
28.70
5.66
97.88
32.51
83.61
19.18
29.25
83.35
25.87
22.95
45.94
44.57
73.73
45.95
41.77
22.60
92.48
20.36
39.24
87.54
41.64
24.52
17.40
88.04
73.21
81.56
51.72
57.94
2.38
43.80
57.25
16.37
24.98
17.32
9.24
76.48
60.28
2.77
1.19
4.51
79.47
43.31
70.00
92.02
27.25
40.12
10.50
26.97
10.47
31.73
63.33
52.63
37.51
34.35
97.07
55.37
66.62
92.84
64.69
24.66
71.50
35.22
88.42
13.39
64.46
56.69
99.60
90.17
64.98
12.24
39.30
48.05
51.91
34.38
43.89
7.15
78.94
71.30
53.48
45.51
8.47
17.27
91.84
42.70
78.01
60.36
50.77
3.09
45.07
49.60
64.66
6.15
73.59
89.73
51.37
71.71
98.93
35.02
55.74
75.40
72.52
22.80
10.21
72.85
54.92
53.02
59.97
83.93
73.24
78.93
34.10
62.11
16.31
30.43
20.99
2.02
82.55
26.64
35.35
36.80
79.73
87.90
61.29
13.81
34.68
63.12
32.20
76.40
50.00
81.52
41.83
32.04
25.29
35.65
72.41
68.22
94.85
78.10
62.79
31.94
13.68
81.62
98.34
79.74
36.17
19.00
36.75
22.81
46.79
21.07
66.41
76.11
86.77
26.06
88.31
76.71
15.56
12.17
92.75
71.36
35.19
54.70
64.51
37.69
25.49
21.17
3.97
54.61
77.21
19.61
44.74
22.16
93.07
39.54
41.79
52.38
4.19
80.24
1.53
96.94
62.89
99.21
91.34
9.77
15.77
53.32
53.89
49.79
78.66
30.84
4.53
14.72
98.70
37.91
57.63
53.60
6.99
81.81
11.81
53.39
88.72
5.09
45.66
78.18
75.51
35.99
72.25
77.69
37.45
59.36
48.29
11.66
44.45
12.39
8.65
50.33
68.92
48.76
37.52
67.97
86.15
40.72
12.06
80.20
99.32
55.40
84.86
7.94
57.78
48.63
98.80
9.27
83.14
32.05
38.80
72.42
5.92
30.93
27.73
30.03
89.20
37.44
27.25
43.91
77.74
57.10
59.27
20.48
88.23
25.16
90.45
59.96
35.07
82.38
58.63
10.11
69.42
27.09
47.33
90.06
49.64
61.30
56.97
66.22
8.28
93.46
43.35
76.49
80.52
97.04
47.11
76.95
79.90
66.39
21.00
68.30
59.66
49.28
15.61
30.00
98.20
94.74
69.68
42.25
25.81
67.95
39.62
80.67
27.18
80.91
44.73
52.37
23.63
85.53
58.69
86.04
61.24
39.27
30.02
64.47
43.41
95.58
72.57
49.84
50.12
72.13
11.80
16.36
1.71
89.21
49.22
16.06
49.06
4.59
59.72
7.33
21.09
69.98
99.86
68.66
82.27
45.00
26.10
94.05
52.19
91.28
89.81
24.04
11.17
48.76
82.91
7.57
75.95
31.56
58.87
9.97
88.26
95.05
20.94
90.77
10.95
12.26
10.14
62.79
75.32
66.22
73.03
95.45
21.08
45.94
47.74
88.11
49.87
71.76
36.53
83.59
17.82
54.55
3.80
79.44
54.38
55.56
0.65
72.74
44.84
26.87
18.29
96.27
59.85
56.19
88.17
27.47
9.97
18.55
37.17
23.63
23.26
36.52
87.92
68.59
15.54
56.21
76.82
67.60
12.90
54.44
31.49
2.24
59.93
97.56
76.28
54.85
56.68
54.17
75.72
63.37
4.59
43.95
90.53
53.97
51.47
19.72
65.44
13.49
45.87
50.42
53.43
56.56
22.22
82.83
73.41
42.91
1.75
12.00
19.31
33.34
72.31
55.19
94.10
74.11
3.04
7.62
30.84
37.49
25.48
71.12
34.28
70.28
25.54
91.13
42.51
67.64
63.61
71.60
79.19
60.75
61.17
39.23
92.47
6.25
45.55
79.38
39.62
72.83
27.47
95.17
55.75
95.05
81.10
78.68
67.65
2.30
74.24
70.87
12.51
15.76
48.16
6.49
16.47
20.15
76.71
76.17
65.24
13.68
4.42
47.57
71.43
20.09
79.52
80.19
89.95
27.77
38.35
47.81
6.21
46.53
29.55
38.28
23.24
1.24
48.33
97.84
36.43
7.18
89.34
9.02
87.23
71.23
19.93
50.00
51.22
38.49
26.11
33.12
50.83
2.84
3.13
79.56
80.29
17.06
71.05
14.65
34.57
67.82
9.59
1.76
1.96
56.22
57.50
58.16
88.16
47.16
5.98
50.42
95.60
73.82
38.68
60.68
61.01
32.39
41.35
8.45
91.67
25.18
12.28
35.25
5.04
82.45
9.46
20.57
80.42
52.52
49.77
38.61
92.85
93.77
77.25
27.82
54.67
92.74
18.71
85.57
56.39
11.19
5.69
98.77
74.43
19.31
6.26
87.93
71.17
23.55
25.80
71.37
42.56
45.35
75.16
32.25
39.42
34.71
85.63
7.38
90.48
48.08
99.46
51.49
89.59
3.44
24.07
77.03
90.88
95.49
24.80
75.16
35.97
11.85
93.67
76.56
95.71
83.35
67.69
82.92
9.66
84.94
30.12
82.98
41.10
98.26
21.91
90.14
57.80
89.60
39.27
94.65
45.17
71.78
80.34
40.28
53.52
96.16
44.31
81.25
37.80
34.30
92.23
84.06
99.40
11.39
70.58
34.58
17.12
52.48
71.18
61.65
80.51
35.67
71.91
61.74
11.92
12.41
69.83
41.09
17.09
90.72
68.41
95.89
6.07
43.86
99.16
95.67
98.07
52.90
62.19
64.02
35.01
71.63
11.38
74.36
10.37
33.26
41.95
79.76
99.75
53.27
86.40
18.98
94.42
46.18
14.41
79.77
60.14
23.71
97.55
83.81
18.57
91.31
26.76
18.65
11.78
20.92
61.70
33.65
56.30
61.26
37.27
90.13
32.85
27.14
3.10
76.96
4.38
39.19
46.06
23.20
37.68
12.16
36.43
52.26
27.56
76.92
1.89
15.63
16.21
60.18
53.73
36.13
6.94
19.32
32.36
55.68
82.60
80.80
23.20
6.84
17.26
4.14
57.90
5.72
48.79
42.96
15.95
15.37
22.07
19.57
13.70
81.05
65.33
12.44
73.13
18.08
7.38
81.90
71.69
72.76
38.11
7.22
14.54
70.35
3.37
70.12
45.61
81.76
93.19
91.77
83.17
55.88
84.05
88.54
1.58
50.55
19.15
59.80
21.06
0.16
83.29
74.07
60.91
15.10
3.15
23.42
36.23
46.28
54.32
94.58
27.54
25.94
11.58
48.68
58.91
92.84
89.69
26.47
60.54
56.45
77.24
95.07
94.39
71.97
90.09
50.89
5.77
53.23
24.88
82.45
43.89
23.68
38.26
80.63
54.16
59.31
76.49
75.98
41.61
39.57
35.07
37.56
40.88
50.17
1.36
13.47
41.04
15.22
61.62
60.43
86.50
96.04
57.94
48.33
85.75
95.84
43.06
30.30
5.79
33.74
9.42
97.56
78.80
24.21
57.65
6.65
50.05
41.35
28.39
30.36
92.07
22.62
3.00
88.97
58.95
22.35
22.95
38.00
40.80
28.05
87.86
73.06
58.37
59.37
22.33
32.38
60.55
45.56
10.28
93.85
6.96
95.43
88.35
20.14
35.93
48.60
23.69
83.66
35.41
38.55
82.15
39.98
84.38
48.96
80.44
80.70
36.14
34.91
16.67
41.40
19.05
52.57
23.16
91.08
52.01
41.96
43.71
0.85
5.30
9.85
43.09
16.50
49.85
82.94
16.18
27.98
58.59
70.80
93.90
11.75
64.27
32.12
22.81
87.99
35.84
97.26
69.44
75.34
95.64
58.90
67.60
33.12
92.21
66.01
17.09
24.77
45.07
80.27
29.78
73.75
87.65
85.55
42.31
60.78
99.33
14.12
66.89
87.88
31.76
7.68
39.65
31.47
65.08
99.18
51.44
33.12
57.49
41.10
2.78
57.42
36.04
6.28
99.43
63.57
73.86
6.26
54.83
67.45
38.53
66.42
11.48
13.72
10.56
77.47
25.17
85.42
36.88
42.28
92.20
74.70
20.90
37.33
64.79
92.43
15.72
79.51
1.63
92.64
12.59
12.75
12.27
94.95
84.68
33.50
14.41
67.49
55.99
53.90
10.77
56.32
0.11
68.72
45.50
24.73
65.99
91.42
47.62
1.37
95.47
66.14
36.22
3.16
56.36
37.77
44.11
62.46
1.12
27.65
82.55
54.32
17.63
49.19
92.45
84.13
39.07
55.13
15.42
23.61
69.33
16.19
73.30
72.80
6.74
35.32
51.56
74.71
78.40
33.98
91.99
90.45
66.72
60.92
95.49
78.98
6.17
60.71
23.21
51.80
74.77
64.41
12.68
55.58
23.58
82.10
12.13
76.22
73.81
19.94
53.87
40.66
66.30
36.44
71.84
46.90
20.49
65.97
58.94
15.75
2.85
15.79
25.50
38.50
1.06
56.55
12.87
88.53
19.67
58.72
66.90
2.25
89.92
64.02
70.10
37.74
52.66
59.92
50.50
14.97
1.50
53.39
25.93
47.20
7.29
70.68
43.40
93.52
76.42
71.77
64.12
70.81
11.49
22.03
65.29
79.42
10.94
28.51
78.91
44.37
31.28
52.96
31.44
21.08
22.75
83.64
57.63
52.53
48.33
9.40
41.57
16.21
92.09
62.49
45.65
97.91
99.30
36.25
76.54
40.04
43.47
80.01
78.72
23.25
25.15
5.45
93.47
21.14
50.26
75.33
93.36
27.30
34.36
92.57
36.98
12.10
56.27
0.76
79.70
17.56
8.68
50.93
61.82
82.23
73.41
3.50
30.56
72.76
58.72
71.10
44.99
85.89
60.71
98.90
92.11
80.54
53.45
40.14
60.43
84.62
13.59
9.06
67.06
81.20
89.27
52.59
38.26
27.84
46.02
52.38
15.45
58.80
73.43
97.46
51.20
83.25
82.58
10.33
75.78
36.54
42.82
35.98
84.56
76.32
60.82
27.08
85.89
59.02
4.01
72.62
64.66
30.55
36.58
22.08
41.02
24.92
63.59
62.97
41.25
82.57
95.29
30.58
6.75
52.48
3.89
71.51
39.21
65.79
23.53
51.60
22.89
90.09
36.90
36.80
71.98
12.86
18.78
71.61
61.42
69.83
56.46
52.99
53.81
11.11
74.26
56.81
5.44
86.16
57.73
18.31
61.70
35.52
4.44
15.23
88.63
72.11
29.54
17.90
71.35
74.08
62.80
41.19
37.30
1.21
42.55
19.57
54.82
49.30
71.70
29.18
28.71
51.99
67.99
73.19
47.86
51.67
79.05
76.75
69.75
3.06
81.57
46.09
77.82
19.84
59.24
28.78
64.86
37.42
14.39
63.61
22.41
22.92
72.88
0.63
11.17
26.95
20.81
38.04
6.26
78.58
9.98
11.58
11.16
82.38
22.19
25.95
72.60
99.14
84.31
83.75
97.61
43.60
11.09
12.80
85.76
75.74
75.71
1.60
16.16
91.88
3.73
93.80
87.03
72.31
83.51
70.81
10.73
76.49
96.25
68.88
13.20
39.88
78.76
68.07
32.15
18.60
89.70
18.98
52.19
83.74
15.07
56.66
0.36
2.21
72.00
13.01
61.17
80.05
77.20
33.20
39.31
63.39
71.99
23.91
61.77
7.33
12.73
8.98
67.82
88.11
79.18
99.83
32.04
42.05
60.68
83.31
35.04
51.55
84.46
7.65
67.05
11.31
7.74
98.32
93.17
51.72
10.02
91.47
99.82
71.43
17.33
16.43
48.91
36.63
76.51
33.02
6.90
7.45
52.69
54.87
2.63
31.26
92.45
97.14
27.50
98.28
51.03
35.16
41.41
45.07
25.79
77.23
69.19
33.82
84.83
64.35
26.90
92.83
63.31
26.20
10.84
22.62
91.88
86.50
88.65
13.74
87.54
92.03
91.96
12.61
5.86
3.85
0.11
73.60
83.68
46.06
45.04
82.02
98.35
1.54
32.21
8.81
47.88
65.87
0.64
5.24
24.81
38.14
60.08
45.35
9.28
66.60
73.60
51.56
95.36
47.35
32.52
89.42
2.31
83.72
3.29
61.45
69.17
48.10
39.00
46.17
0.21
48.25
64.57
65.36
72.98
60.65
13.09
49.70
29.19
7.23
9.48
24.97
23.71
13.91
23.90
29.26
99.38
89.36
56.10
83.06
43.19
61.35
92.30
79.14
14.52
95.63
19.83
46.16
34.30
19.11
13.69
51.58
48.41
10.20
60.17
85.32
53.46
23.67
91.79
6.78
1.80
47.21
54.34
0.68
82.95
82.33
60.28
33.50
28.32
21.39
4.71
41.61
71.42
85.72
17.38
48.19
65.63
85.01
84.30
76.59
88.82
90.68
4.68
73.67
0.66
3.63
62.21
34.60
14.40
29.38
71.92
62.21
89.94
9.66
65.55
39.13
32.81
67.09
98.33
95.51
66.69
38.93
61.64
11.54
98.05
74.05
8.47
56.89
84.17
42.04
70.93
29.68
89.76
78.15
77.61
83.52
87.07
8.24
16.08
11.67
46.33
22.38
14.18
80.55
85.20
55.59
95.56
8.04
35.31
98.17
82.64
36.32
47.91
81.22
34.35
97.67
72.64
44.05
66.77
78.14
96.46
5.87
25.89
21.92
80.28
66.99
22.67
12.74
42.20
14.45
57.79
84.63
6.50
96.30
26.99
69.12
3.27
47.26
51.25
9.40
63.77
99.98
40.08
94.88
16.01
20.89
23.45
36.56
61.76
93.28
82.77
84.04
37.58
66.58
65.41
92.20
94.67
97.71
79.34
99.82
87.05
77.22
26.16
12.51
59.11
56.65
53.19
61.72
53.99
48.31
95.59
94.84
25.52
81.51
26.00
91.67
80.44
21.80
78.02
79.51
32.53
13.80
52.06
25.09
49.62
28.64
76.73
51.62
98.83
5.48
19.54
13.92
21.76
39.73
96.53
19.27
93.06
21.11
5.92
0.75
0.38
89.27
53.55
52.34
73.97
60.17
62.38
48.04
92.35
45.91
54.72
51.86
94.64
18.58
61.79
79.01
87.35
65.05
67.83
48.79
83.88
29.49
1.38
16.07
42.58
61.07
66.72
80.66
3.45
30.43
36.51
1.49
81.20
74.44
53.80
47.09
36.88
0.34
52.74
71.18
36.77
41.66
36.65
75.90
8.62
92.76
79.25
53.80
70.65
39.24
70.89
33.06
69.52
51.70
87.68
15.62
56.54
87.60
90.16
78.64
81.73
12.76
31.56
50.99
69.39
44.88
50.15
7.02
74.36
47.10
52.93
82.64
81.42
40.05
90.48
69.51
10.16
13.66
20.33
41.90
8.63
3.57
37.10
97.47
50.98
47.02
92.11
47.51
92.44
44.19
76.74
17.83
49.03
61.48
5.37
81.71
82.14
30.57
54.34
77.67
64.85
10.12
47.56
66.38
1.74
35.09
79.01
38.80
2.99
36.24
22.20
58.63
80.90
22.14
0.77
57.99
84.04
32.04
90.44
6.91
31.06
77.01
75.50
82.21
64.67
28.73
16.16
26.54
53.61
62.14
62.94
68.38
89.76
92.43
15.34
83.68
56.93
4.79
25.95
25.83
87.01
18.77
70.11
88.87
18.42
46.20
63.80
46.70
84.03
58.20
13.78
2.06
35.94
71.40
13.96
75.73
91.95
2.34
57.26
17.74
36.39
22.27
80.12
99.18
80.11
39.09
59.56
48.58
40.85
2.67
77.07
30.26
26.40
25.81
45.03
82.30
29.00
31.62
78.59
78.91
27.77
64.91
65.11
45.42
29.82
83.44
35.37
83.62
61.31
15.33
63.38
78.33
6.02
83.65
2.54
81.06
40.12
79.88
46.27
40.22
13.48
55.00
24.89
8.56
78.80
44.58
73.08
81.50
59.31
44.34
29.36
43.26
47.00
11.36
50.31
22.72
45.42
41.58
90.29
23.40
98.28
34.62
33.52
13.35
86.58
96.39
90.63
42.57
48.75
89.03
77.08
21.14
54.97
50.22
73.66
9.00
19.63
41.35
85.25
45.63
40.05
63.79
71.62
33.45
65.86
33.02
48.50
37.22
83.40
17.81
55.95
69.47
94.02
71.92
27.13
86.97
98.57
63.18
96.80
2.17
9.55
17.95
40.58
58.02
17.17
24.61
72.77
76.26
5.98
41.79
81.10
23.39
54.88
86.41
24.77
68.51
39.59
7.83
14.64
49.62
96.05
46.82
33.28
71.91
88.28
30.33
68.31
44.27
26.93
26.97
90.22
66.49
95.00
75.01
54.98
14.89
91.60
5.14
80.07
70.26
3.96
51.55
60.67
97.94
85.50
88.20
13.76
64.07
18.99
37.70
62.46
28.56
28.39
9.85
34.00
14.24
66.99
64.03
9.06
72.06
96.24
88.83
61.36
87.98
72.42
96.86
28.44
40.01
57.38
92.34
47.20
86.01
38.69
7.94
10.56
80.90
59.82
96.86
58.64
57.82
8.76
39.84
28.53
31.50
29.83
24.87
72.51
55.11
91.46
93.22
78.91
48.70
38.17
19.00
91.33
74.91
5.79
18.41
11.98
90.93
4.94
54.04
14.47
69.62
14.97
30.00
22.31
41.78
75.50
38.06
62.61
40.55
42.05
56.17
73.39
38.11
19.08
12.39
66.96
56.59
17.67
71.90
31.21
77.98
49.46
24.71
66.89
1.46
62.43
7.14
93.59
56.94
61.80
48.83
3.66
54.99
74.19
51.58
74.06
20.82
91.93
99.17
19.83
7.90
34.04
41.24
20.23
48.65
9.79
12.40
85.05
57.16
89.84
95.55
62.60
45.18
42.55
35.54
42.01
37.71
48.69
33.96
55.56
45.07
89.15
65.58
79.44
60.86
36.92
40.36
66.13
4.09
99.67
15.58
93.93
42.21
77.52
27.16
96.55
42.88
10.95
17.18
32.36
65.42
2.06
76.46
98.74
31.20
36.74
20.59
71.36
27.38
28.14
20.48
0.89
27.99
84.47
17.79
6.20
14.42
77.04
15.25
28.65
34.24
74.43
57.33
35.81
98.62
85.68
84.37
0.25
40.05
93.78
74.02
52.99
57.53
19.24
35.57
5.21
34.68
58.51
90.36
52.73
89.28
45.32
29.43
26.46
84.09
60.43
48.69
42.77
39.94
54.29
55.40
12.06
98.82
91.09
48.59
25.01
74.90
63.80
27.65
29.10
23.28
53.54
83.73
54.55
51.41
54.29
50.97
26.34
37.63
76.86
16.01
99.33
77.15
31.19
93.41
92.28
77.00
42.46
23.29
5.78
67.02
27.30
49.71
27.96
4.11
88.01
39.10
82.43
31.91
43.84
90.08
27.99
10.88
37.61
43.02
12.74
23.33
53.53
35.65
46.43
69.51
61.03
99.94
29.15
1.42
37.33
46.27
18.81
65.05
28.94
16.29
63.82
88.93
2.20
17.82
71.54
46.30
76.97
44.09
76.19
2.60
30.75
11.46
3.62
96.75
49.37
42.32
88.45
10.89
8.30
19.17
72.94
30.45
35.67
86.17
49.22
91.45
38.61
41.22
8.45
8.61
8.32
52.97
97.06
57.08
86.16
54.04
14.06
12.63
78.75
7.95
87.37
52.80
93.20
46.96
5.12
23.12
9.81
64.78
93.04
32.08
67.55
38.56
27.62
79.51
44.55
87.73
82.52
72.82
49.21
11.64
99.75
72.75
26.49
94.28
79.56
83.52
32.87
27.99
3.28
28.12
86.98
81.04
49.02
28.52
71.59
8.18
31.31
98.17
84.53
84.99
46.48
70.33
3.55
46.65
83.69
61.18
77.40
86.83
92.58
50.13
55.90
13.03
11.91
88.06
69.80
56.17
94.53
11.23
3.09
3.27
61.48
42.25
96.79
37.62
23.60
56.92
70.47
94.08
62.41
6.81
41.28
96.30
55.93
44.19
45.59
16.65
53.01
27.83
22.44
26.47
57.71
92.71
20.65
81.50
91.89
94.27
12.58
57.22
30.91
69.29
40.55
87.03
66.92
71.10
31.32
33.46
39.52
46.40
30.43
67.09
85.19
78.46
51.27
45.83
52.68
2.52
96.60
65.93
14.09
61.02
11.82
19.70
18.39
15.82
8.30
36.42
23.91
43.70
88.36
24.52
44.46
51.73
51.39
98.77
41.86
80.91
9.71
31.12
61.82
83.92
7.26
28.68
33.88
61.94
58.51
97.70
3.68
61.40
26.79
23.22
17.34
42.18
24.16
27.40
79.98
35.82
7.87
93.41
58.95
8.37
13.41
99.51
64.40
41.51
46.15
26.22
29.63
96.91
0.58
14.18
34.99
40.53
38.05
5.14
92.67
87.64
28.61
90.59
89.85
33.89
53.51
28.83
29.17
15.30
42.77
35.77
14.81
5.17
88.05
74.44
79.29
30.09
13.93
27.42
64.66
47.56
29.97
30.07
85.66
68.39
24.12
72.89
21.38
31.69
88.10
69.30
4.71
26.99
49.75
80.87
63.33
13.18
67.96
7.70
95.98
90.16
43.72
21.16
89.77
2.60
31.53
69.28
66.52
86.72
89.05
63.60
47.64
7.15
9.50
2.82
11.00
60.64
3.60
85.26
61.78
14.73
33.78
90.66
46.17
0.27
87.76
87.69
63.08
41.36
99.75
41.94
56.02
84.79
11.90
97.67
49.55
72.86
2.72
57.58
27.80
92.83
98.14
56.15
69.07
82.39
52.08
94.76
0.34
60.64
40.08
34.42
80.11
25.90
16.46
15.36
5.46
80.79
76.23
37.38
77.71
19.99
98.05
3.61
52.48
91.96
62.98
66.74
95.87
22.43
56.08
37.90
76.83
26.57
18.97
34.97
62.22
77.90
92.77
88.17
38.03
19.18
34.30
10.68
10.18
56.84
79.18
24.65
20.60
31.08
35.88
74.21
43.48
30.72
0.37
17.48
13.68
22.44
45.29
57.73
84.80
21.51
83.69
48.67
47.61
78.93
37.32
13.44
32.09
87.50
22.92
50.49
33.01
46.60
35.42
93.13
52.17
70.28
80.52
88.34
96.66
87.87
43.57
31.18
33.43
87.52
10.71
75.44
10.30
48.32
26.33
96.70
52.39
73.24
1.05
12.16
13.15
10.05
89.66
93.01
22.80
14.02
38.14
38.95
71.44
44.10
26.30
65.93
83.29
82.16
25.95
80.85
8.67
45.41
59.95
59.42
87.07
97.03
35.14
20.85
85.71
67.35
42.36
36.68
24.31
3.70
25.19
51.15
45.48
32.97
8.58
60.08
82.93
10.45
36.74
98.11
49.65
72.33
57.70
3.93
72.47
41.27
91.26
51.77
16.51
46.70
75.23
59.39
80.65
33.06
18.19
31.02
71.38
49.89
73.43
24.84
1.94
93.52
90.01
43.83
30.67
31.39
77.21
55.38
94.38
25.96
7.68
89.06
39.35
76.78
30.62
52.99
40.20
72.17
2.99
38.74
36.45
67.99
42.98
44.87
34.43
52.00
77.76
23.73
20.67
14.87
60.24
95.27
92.90
19.90
80.62
11.49
65.61
62.32
30.10
21.87
41.51
86.99
39.83
37.13
73.11
49.67
60.31
60.82
6.97
25.32
79.80
43.60
30.55
25.74
15.61
3.19
69.58
89.66
52.40
31.75
12.51
19.18
41.20
25.55
50.39
63.98
5.73
73.26
55.94
4.75
4.75
18.86
54.19
9.95
73.51
16.35
0.50
9.62
82.92
37.69
14.37
64.78
0.52
17.82
95.39
67.83
33.09
74.11
5.97
25.00
15.00
65.08
94.84
43.80
20.30
51.60
72.56
32.65
26.34
46.91
27.11
46.31
64.11
98.30
74.90
43.42
75.42
19.32
17.91
0.36
23.29
7.56
86.46
10.01
12.76
2.53
0.07
45.07
10.31
19.24
28.03
90.85
37.43
49.27
78.20
95.37
51.63
21.15
0.36
91.04
96.49
55.01
31.24
28.74
9.52
75.14
81.27
58.48
29.93
92.23
56.21
71.86
5.60
42.75
69.40
58.97
43.68
35.92
79.93
79.02
51.79
56.59
71.39
44.22
26.76
19.72
71.40
58.27
6.59
21.20
37.10
62.53
92.60
95.88
94.44
20.52
99.62
76.66
1.17
36.12
20.09
1.50
71.31
91.99
48.22
74.35
71.70
6.97
73.23
81.37
50.46
49.88
33.13
16.22
85.23
89.86
7.46
87.49
1.33
2.74
34.08
30.68
87.02
85.60
74.86
87.52
52.23
62.57
90.16
70.25
21.34
74.42
18.74
55.97
68.40
97.71
60.95
68.13
41.89
53.40
34.09
41.99
59.96
84.37
66.44
52.65
98.12
61.39
18.17
36.20
97.57
45.12
48.54
14.31
19.69
5.92
43.53
47.12
60.68
68.54
16.94
5.02
0.28
1.99
2.25
11.14
67.88
86.28
55.57
2.87
3.80
31.69
57.33
32.41
45.46
44.16
28.24
52.40
60.78
34.36
51.98
58.63
34.37
61.25
8.31
57.27
27.23
98.12
64.46
23.27
20.56
82.08
85.94
15.76
41.94
70.99
46.50
64.74
27.94
80.39
60.94
41.84
8.28
57.02
83.04
86.24
68.68
81.81
16.21
96.42
39.31
6.49
25.47
75.58
10.75
48.89
22.23
40.70
29.61
30.83
83.88
22.78
66.05
69.97
67.71
6.80
52.59
23.04
51.16
66.60
33.32
55.06
95.02
61.07
45.71
7.30
88.17
7.06
77.74
68.50
20.12
29.27
62.86
33.79
49.30
50.26
61.01
10.25
17.24
3.49
23.01
32.94
81.50
26.44
15.68
76.76
73.40
2.66
1.42
65.11
96.29
60.16
37.41
59.08
42.41
78.47
7.65
56.00
59.64
56.07
38.66
72.85
45.17
27.44
74.36
48.51
64.55
60.85
40.95
39.65
30.93
78.05
18.54
21.64
40.21
92.42
33.99
81.37
96.85
24.15
49.60
59.10
3.36
16.66
33.91
39.29
31.62
13.66
58.88
47.78
84.54
67.57
9.63
20.98
40.69
69.19
11.70
57.03
30.34
83.72
13.73
57.03
23.08
82.19
71.89
54.61
85.96
56.39
25.75
94.87
87.76
62.22
71.97
73.98
78.54
96.42
82.86
84.77
58.37
84.71
0.64
13.66
65.60
98.58
27.38
39.23
59.70
19.82
20.16
72.97
61.72
20.19
92.20
26.91
97.90
83.23
99.16
93.37
36.13
15.09
98.70
13.49
62.76
12.71
78.38
68.58
9.97
49.66
55.41
66.22
61.26
49.29
22.61
71.94
58.31
23.16
83.17
32.27
47.51
50.00
56.92
48.37
14.82
72.98
68.61
83.48
49.63
23.64
96.09
54.32
4.78
91.47
39.89
81.56
30.22
90.93
17.70
2.78
89.43
52.08
12.68
92.32
18.31
74.94
68.11
90.23
77.82
58.15
84.59
75.05
4.99
25.66
58.11
96.85
19.77
24.01
2.27
78.66
24.33
9.45
67.30
47.95
78.80
96.99
43.31
86.62
68.45
74.60
28.26
83.18
92.86
31.76
64.81
85.95
76.76
90.50
27.17
82.06
32.61
5.43
53.43
45.75
59.02
40.15
41.09
56.84
72.65
35.76
98.14
14.39
96.48
30.78
71.67
40.12
30.90
82.28
79.99
76.31
2.58
3.91
23.13
5.26
14.58
86.68
91.36
51.42
75.54
99.99
24.77
43.14
14.49
49.81
30.44
10.02
63.63
13.19
75.09
5.79
37.39
42.57
15.88
10.97
87.73
14.75
4.44
31.57
90.70
80.20
62.91
70.30
71.64
22.43
5.83
94.58
66.59
79.08
86.20
68.95
56.65
95.19
51.73
72.11
31.48
70.12
7.68
24.93
80.50
81.65
85.29
98.65
29.73
8.08
35.68
9.83
23.57
12.57
32.09
64.98
11.57
31.57
88.46
88.39
10.48
13.43
97.88
41.55
77.52
11.46
71.51
49.44
71.17
8.14
75.61
78.74
41.22
98.82
86.22
44.61
78.36
32.01
83.92
68.84
48.81
56.52
49.10
89.05
48.21
96.47
19.29
28.91
46.97
85.97
23.77
54.76
42.19
11.13
66.17
32.02
94.71
82.65
19.97
25.74
77.30
52.04
95.66
88.24
71.82
99.32
87.47
28.78
24.25
10.98
65.74
21.59
25.68
88.60
59.54
68.61
89.21
8.47
96.13
89.75
92.65
87.52
67.33
48.16
57.40
89.50
5.56
79.92
43.57
26.92
92.66
98.98
75.06
44.23
69.84
98.90
63.92
21.16
2.92
42.08
42.38
2.39
84.68
32.36
94.16
61.57
74.68
37.14
40.60
60.21
73.61
96.47
52.21
1.78
60.25
64.34
53.96
93.63
8.19
6.76
76.95
16.53
91.14
49.83
7.86
97.53
31.07
12.71
68.33
69.58
35.52
65.18
52.24
59.98
77.53
11.62
78.25
64.94
42.89
26.44
27.28
93.60
66.57
74.27
64.65
15.40
89.17
48.17
49.90
64.19
74.54
76.10
8.18
5.38
1.07
58.57
46.54
92.73
47.22
43.65
44.36
39.56
71.39
46.17
55.31
61.07
31.42
75.47
55.33
76.31
34.46
46.39
46.58
17.33
6.53
15.40
97.56
48.59
2.95
10.98
33.69
51.20
42.48
15.27
2.16
64.46
16.99
41.17
93.01
95.16
6.97
45.65
35.98
39.09
7.72
92.79
67.11
63.70
30.05
68.91
0.81
51.35
2.50
97.20
25.76
70.97
11.90
43.25
22.28
82.01
40.13
26.86
9.61
90.36
56.42
34.80
20.13
94.06
26.55
82.97
37.89
29.01
7.90
63.28
23.76
46.73
33.03
87.48
61.65
3.99
5.26
82.99
87.96
41.61
30.01
93.67
35.89
54.21
36.64
56.88
95.32
89.22
35.00
28.21
74.42
40.13
53.52
30.75
27.94
41.07
30.29
26.88
86.22
36.72
20.84
39.41
79.62
16.70
3.77
51.67
78.57
82.96
37.50
93.56
21.77
40.16
77.75
46.39
88.60
94.21
63.85
50.97
50.61
74.30
36.25
83.30
78.71
25.76
6.14
69.15
82.28
80.85
89.02
83.31
76.29
22.43
20.09
6.57
79.57
71.00
77.37
80.74
26.96
90.78
67.98
85.54
9.91
84.56
66.63
99.79
34.23
99.34
86.64
56.15
64.47
41.68
21.15
11.84
41.30
73.81
17.21
31.41
27.83
37.40
89.65
15.56
70.87
36.86
18.35
82.47
16.68
93.08
11.85
60.28
45.15
69.63
8.68
44.47
42.65
72.14
46.33
63.10
28.81
14.50
63.79
87.00
35.52
66.88
6.98
44.71
45.47
75.00
64.78
37.11
46.44
83.86
70.55
17.67
4.85
94.98
56.19
56.17
49.99
85.63
66.17
83.17
58.91
44.36
97.25
82.74
70.71
52.14
26.66
71.68
43.19
33.90
6.91
62.49
26.58
52.53
8.74
40.68
85.58
38.84
19.64
37.63
33.78
40.91
34.98
92.61
59.79
29.33
81.82
11.57
2.52
92.56
2.94
86.73
35.78
77.10
28.78
7.01
67.80
43.67
83.30
67.42
48.85
6.27
86.83
63.90
18.60
52.84
28.81
76.63
3.72
36.08
48.15
51.92
89.89
19.14
15.76
26.71
48.63
43.10
98.81
40.51
49.45
11.43
92.94
22.48
85.50
38.37
70.60
92.63
61.86
60.22
55.43
42.59
78.17
43.69
17.77
14.21
96.32
87.80
83.72
37.29
44.36
88.33
1.43
34.81
15.88
1.95
86.13
78.44
63.14
33.71
14.12
57.11
87.93
59.59
43.68
96.82
20.55
34.50
93.56
37.70
98.89
49.00
1.10
37.20
28.01
73.14
87.99
9.63
43.77
6.44
11.51
68.50
55.39
43.79
45.35
94.76
45.37
81.41
10.93
90.46
66.12
17.02
94.40
69.78
38.25
77.59
22.13
23.49
38.45
33.74
72.71
96.14
89.53
41.20
69.88
0.62
42.60
51.64
5.53
76.08
91.71
65.51
13.03
19.17
99.91
7.32
70.72
79.12
22.89
50.66
32.53
77.13
45.55
6.87
29.93
60.77
16.70
52.18
98.07
83.74
51.07
27.05
27.40
94.28
49.58
20.82
54.25
75.57
64.73
84.31
95.25
82.68
42.44
54.21
96.07
5.90
3.17
52.40
12.68
28.91
95.10
12.47
43.59
23.58
75.84
43.99
49.65
34.29
60.51
1.05
14.63
65.73
33.37
71.59
15.82
4.00
40.50
3.78
37.69
20.97
72.98
14.49
19.15
73.98
84.53
9.91
36.19
82.94
29.32
77.59
59.63
84.69
84.40
89.94
8.95
22.97
79.36
38.10
22.42
48.50
67.28
84.79
52.73
86.81
14.36
57.47
67.37
21.12
7.36
1.06
90.82
80.69
33.95
59.48
14.95
36.48
19.96
70.83
87.38
61.96
0.30
8.56
6.92
17.08
88.84
47.63
96.86
46.30
3.42
70.98
35.88
33.90
7.83
25.36
59.77
97.84
72.71
92.97
72.15
80.09
50.74
66.56
15.05
79.53
21.29
35.07
46.94
3.67
9.16
65.56
87.39
0.99
9.70
62.53
46.42
62.26
54.51
49.22
26.04
54.52
88.39
57.54
2.53
74.32
95.90
21.94
23.03
24.06
76.83
46.54
59.10
35.24
14.48
30.30
0.93
76.30
52.38
90.82
27.22
62.92
77.22
41.51
95.86
41.72
20.23
43.61
29.02
49.03
75.53
72.57
46.37
3.30
49.80
77.34
62.72
35.57
48.73
43.03
28.08
60.93
92.26
93.88
41.71
59.85
26.77
29.32
98.85
25.43
0.15
7.28
62.17
99.95
4.90
37.20
71.77
73.06
21.66
67.75
91.61
91.32
71.01
26.29
48.22
80.23
51.97
69.91
59.85
20.61
59.48
55.25
30.68
86.43
86.59
23.54
21.38
79.46
48.88
98.77
52.37
46.11
44.41
71.72
51.38
36.51
96.06
93.92
64.19
40.39
10.37
35.70
85.42
81.20
65.62
35.41
84.52
38.62
23.20
16.53
69.55
73.49
0.57
58.65
0.68
15.58
67.85
4.79
21.95
92.33
52.43
75.91
97.05
41.63
84.63
45.00
11.32
31.84
64.12
40.61
98.78
45.64
41.36
97.70
67.04
79.34
58.62
56.66
55.91
84.49
48.32
35.55
0.18
29.55
44.29
15.93
36.69
64.36
68.40
62.80
20.21
4.48
37.33
70.21
76.00
37.13
26.26
82.38
56.54
46.04
47.30
55.44
38.87
31.28
72.65
64.69
89.45
16.38
63.01
88.80
23.38
45.55
50.32
95.96
46.06
47.60
98.11
90.78
97.24
1.03
15.15
69.39
80.49
31.27
29.99
63.80
24.35
37.60
53.75
16.46
9.26
98.52
20.37
3.80
19.26
31.19
74.55
33.50
93.00
76.66
94.46
60.66
75.33
54.97
34.60
37.97
59.03
87.90
38.75
57.02
17.12
33.61
73.45
70.59
82.44
96.92
61.63
0.26
57.89
45.34
11.83
11.46
19.63
71.68
56.93
39.98
84.22
15.26
16.77
77.25
65.00
24.43
9.86
83.54
61.08
31.78
43.78
68.90
29.67
7.18
81.82
2.91
5.25
43.33
80.61
37.72
3.35
95.63
19.87
51.71
35.44
4.66
61.96
72.68
17.61
46.80
24.05
74.14
99.09
74.37
78.96
50.53
67.80
94.18
78.88
52.58
17.68
94.94
53.41
80.45
41.20
79.62
26.33
59.78
23.89
1.76
88.11
17.20
81.77
28.18
15.92
38.49
2.41
45.62
86.18
99.90
83.08
41.15
61.49
66.96
60.29
17.55
40.17
87.51
77.34
60.27
24.58
50.64
43.10
66.01
95.97
41.78
77.09
87.42
48.47
60.65
5.12
44.88
46.75
30.50
65.21
94.70
31.67
57.96
45.08
53.09
47.79
93.12
63.99
89.60
65.49
80.85
22.69
8.93
10.92
55.58
24.53
41.63
2.66
44.89
90.47
71.28
96.20
2.35
66.37
31.02
47.45
51.08
28.37
14.12
57.42
3.17
76.86
61.29
53.14
81.13
62.61
89.35
32.98
5.02
75.47
27.75
98.90
38.61
72.26
33.11
98.14
84.60
82.70
98.18
51.72
43.44
76.01
13.11
65.48
19.08
64.01
23.09
20.16
37.53
8.86
44.06
91.64
98.91
3.02
50.32
47.03
34.06
91.08
5.42
59.01
33.47
84.32
37.32
57.07
31.29
9.82
17.27
95.19
36.81
24.71
41.22
69.44
3.37
81.71
53.53
76.75
7.18
6.56
15.70
96.65
90.19
62.81
20.73
20.02
88.34
30.69
99.54
62.26
65.95
95.76
77.06
28.89
23.98
89.48
29.01
94.28
7.87
14.58
73.72
4.36
63.38
13.43
97.02
1.62
8.60
53.68
50.10
13.83
91.75
26.36
81.62
89.92
73.59
71.26
34.09
56.00
38.24
22.83
78.47
64.70
69.74
31.84
33.41
92.92
38.38
47.51
76.13
50.99
87.55
11.31
93.08
56.83
67.82
75.01
58.86
28.96
99.26
79.93
37.11
89.91
31.07
16.57
80.51
2.39
45.62
88.24
62.78
41.20
80.86
48.09
13.26
46.44
27.22
4.76
47.54
80.92
71.08
38.16
72.23
76.70
79.02
19.16
11.43
56.93
58.66
3.69
0.40
7.43
33.88
35.52
37.68
83.92
43.46
15.54
71.34
65.57
84.58
0.92
4.40
79.80
45.57
73.13
14.75
11.97
61.89
2.77
66.10
51.86
23.63
80.26
6.61
34.58
77.12
1.68
53.87
16.80
54.53
9.14
80.60
25.37
31.67
87.98
72.70
80.06
37.02
96.54
9.49
88.39
74.26
29.94
36.71
48.31
38.23
5.64
88.90
33.20
55.44
99.94
75.56
70.39
12.87
43.50
21.29
69.67
5.48
33.04
65.75
12.98
88.95
32.36
16.42
57.22
34.25
66.62
80.93
95.41
33.16
85.14
83.42
41.20
53.62
19.37
26.18
56.79
43.69
91.78
48.56
63.26
18.38
10.64
34.78
21.36
12.27
64.65
13.96
39.80
48.44
26.34
45.78
68.56
29.70
79.45
86.46
98.46
75.50
50.15
21.10
48.63
9.60
31.70
55.18
12.43
95.35
96.49
90.42
80.96
17.56
73.10
40.26
69.62
49.89
83.25
24.53
20.92
42.01
99.36
80.76
18.74
59.93
53.90
76.18
64.42
52.66
76.23
17.93
39.89
82.14
29.54
65.38
39.88
24.71
72.61
36.48
99.43
99.01
91.34
32.92
33.05
22.37
23.02
76.69
49.18
17.36
62.22
6.80
38.98
42.96
88.27
59.48
35.68
96.65
30.36
48.54
80.48
80.63
22.85
6.71
59.64
10.08
87.20
16.98
67.70
28.49
44.66
58.47
11.97
47.06
64.21
92.60
5.65
39.80
3.38
28.51
0.95
29.65
76.87
24.80
62.51
59.36
53.41
42.40
99.28
97.57
89.95
39.00
13.08
98.98
24.32
92.98
39.47
43.56
87.76
10.75
13.63
2.03
28.71
67.72
68.53
6.64
58.10
2.72
72.81
23.10
3.09
67.06
23.94
62.42
73.12
43.70
5.73
11.54
3.67
41.56
63.08
15.72
12.33
71.53
44.83
29.60
42.20
53.20
95.06
10.55
35.55
13.89
96.20
0.57
74.32
84.86
41.81
56.44
11.28
50.82
43.92
2.49
1.45
91.25
74.55
20.46
45.48
6.46
22.78
87.61
3.11
13.49
56.70
69.78
27.05
55.26
70.86
7.62
79.29
36.25
19.59
13.36
56.21
67.14
11.27
79.05
54.48
44.48
15.71
56.21
52.11
88.96
71.88
45.57
45.61
97.97
86.59
7.78
36.58
32.85
58.19
8.22
90.60
13.49
12.01
52.10
12.74
5.71
34.50
24.66
52.45
13.33
2.59
67.30
2.63
27.57
61.82
85.60
53.80
37.66
62.19
58.73
83.37
99.77
56.99
28.65
54.12
64.97
66.91
26.61
40.24
70.25
13.13
52.72
92.17
14.49
57.91
59.27
48.68
37.98
30.22
79.23
57.49
4.74
54.86
13.92
71.77
28.84
36.64
76.49
65.63
44.37
58.75
33.88
23.84
13.85
9.83
57.32
36.39
53.60
20.46
46.98
24.58
67.35
22.43
96.94
16.01
73.45
84.44
61.43
21.63
46.08
78.45
62.99
13.99
42.37
77.21
41.87
17.07
94.56
43.60
71.39
62.61
48.15
57.48
88.41
96.84
65.53
36.13
92.01
0.81
24.03
11.83
87.13
80.15
87.67
6.16
44.14
96.19
68.16
16.69
76.74
76.32
56.51
99.27
10.19
66.89
8.71
26.98
4.42
54.27
82.89
97.35
63.37
3.23
5.86
96.84
21.79
41.71
37.97
8.32
95.00
2.42
1.68
96.31
8.07
49.42
36.14
49.22
96.56
9.76
17.23
87.63
51.98
86.09
6.99
39.75
12.65
77.76
36.55
75.61
99.37
10.78
27.30
70.03
49.44
80.45
4.87
21.79
27.17
45.80
89.22
40.57
59.11
53.39
82.96
75.09
71.99
67.07
9.91
95.92
94.87
68.26
70.63
97.04
83.81
75.54
57.34
50.10
8.22
55.70
94.69
38.26
68.20
23.42
29.32
26.35
99.26
80.79
71.89
22.07
11.47
60.06
41.22
18.28
41.62
32.63
59.82
28.56
76.88
38.42
56.11
49.65
20.85
99.31
84.48
51.33
71.03
59.72
89.51
78.46
91.41
14.13
40.33
60.18
43.08
28.60
83.65
7.70
7.17
5.10
49.91
21.36
29.55
87.64
25.97
66.38
48.18
57.38
34.88
7.70
73.28
21.96
60.59
91.71
97.70
55.22
31.60
96.23
35.66
68.07
55.33
97.08
44.56
43.39
46.82
61.31
75.24
6.29
52.79
93.72
98.02
16.42
3.26
96.81
67.77
34.63
27.20
38.07
76.59
57.77
45.15
85.10
40.78
31.62
43.22
53.62
3.46
87.20
48.22
21.55
65.38
21.10
29.31
5.85
62.68
58.60
59.52
96.77
93.52
16.77
7.04
42.35
66.78
67.14
26.88
83.26
59.91
77.69
80.60
31.57
73.61
38.33
38.52
24.67
9.53
81.19
73.35
18.68
41.17
18.52
62.57
77.51
51.60
91.82
80.05
86.66
73.09
68.31
64.84
69.32
25.95
13.88
93.46
1.29
22.27
55.04
39.57
96.66
69.29
91.31
78.80
25.11
32.73
17.86
10.82
76.44
68.47
65.46
72.10
46.04
81.94
12.85
14.93
32.64
87.92
21.28
38.02
46.67
8.00
67.89
92.37
85.74
19.60
9.84
65.68
76.26
53.98
88.10
84.56
24.33
49.60
21.55
98.24
24.07
14.87
36.59
41.21
70.10
45.47
10.41
42.56
26.06
